#r n s p q b c T nloop nnorth e00 e01 e02 e10 e11 e12 e20 e21 e22 
1.000000000000000056e-01 0.000000000000000000e+00 1.390016315164167421e-08 5.937974218545806578e-08 2.340893146391226087e-01 2.340893146391226365e-02 1.390016315164167587e-09 9.452021927717860761e-01 4.000000000000000000e+00 0.000000000000000000e+00 2.392140329027332354e-02 8.240761769076317966e-01 -5.659736929557114271e-01 8.829103470112050767e-01 2.481402250809850996e-01 3.986172949550889077e-01 4.689318560357978449e-01 -5.092395147178386816e-01 -7.216495209204827344e-01
1.167798623737652253e-01 0.000000000000000000e+00 2.523766755718319724e-03 1.981925226140084789e-02 1.273391509645145914e-01 1.487064852442812786e-02 2.947251343962693630e-04 9.837910067887345456e-01 6.000000000000000000e+00 0.000000000000000000e+00 -4.311835578710249139e-01 9.015398904725459017e-01 -3.614644254188283806e-02 7.111730086235213966e-01 3.642444278855551110e-01 6.012977204012113219e-01 -5.552600212756658715e-01 -2.335633161287830051e-01 7.982070446518703122e-01
1.363753625603554565e-01 2.000000000000000000e+01 3.013563232324393271e-01 4.093700734869199498e-01 7.361464424244684723e-01 1.003922379831527212e-01 4.109757784067958469e-02 5.038454599648977128e-01 1.000000000000000000e+01 0.000000000000000000e+00 -8.233340959832412542e-01 2.517628739633872015e-01 5.086614018039457008e-01 1.943991885800055996e-02 -8.831941329634137583e-01 4.686045380209181710e-01 5.672239909826219950e-01 3.957064300623626130e-01 7.222695931998295293e-01
1.592589607097064375e-01 0.000000000000000000e+00 nan nan 9.993726569650876227e-09 1.591590507099578117e-09 nan nan 2.300000000000000000e+01 0.000000000000000000e+00 7.906532499896259392e-01 -6.122581561062432343e-01 -2.718190983931204844e-03 -6.082441119616039948e-01 -7.859620565632120526e-01 1.109177438779107572e-01 7.004668832201633999e-02 8.604415101742379779e-02 9.938258728423250421e-01
1.859823951346839810e-01 0.000000000000000000e+00 9.828340669235650917e-03 9.878894760314935186e-02 9.948826166989481468e-02 1.850306519315321127e-02 1.827898337864069297e-03 9.901977352078955574e-01 2.000000000000000000e+01 0.000000000000000000e+00 -8.292747355297862555e-01 4.069922771738125333e-01 3.829630521772008911e-01 4.370889206317740694e-02 7.304179470154147369e-01 -6.816004367900564409e-01 5.571292002458786419e-01 5.484951312442625238e-01 6.235063313509546790e-01
2.171899850777161967e-01 0.000000000000000000e+00 3.704684687141160133e-03 1.053988933298616176e-01 3.514918012987854057e-02 7.634049907902278921e-03 8.046204119178322319e-04 9.987782430565949054e-01 2.300000000000000000e+01 0.000000000000000000e+00 -7.195243332891629873e-01 2.947758357484913105e-01 6.288019882789523951e-01 3.485335644479121697e-01 -6.298800077897050986e-01 6.941005188299991246e-01 6.006738618069031865e-01 7.185808113536148456e-01 3.504747199105264222e-01
2.536341656633582242e-01 0.000000000000000000e+00 0.000000000000000000e+00 nan 0.000000000000000000e+00 0.000000000000000000e+00 0.000000000000000000e+00 1.000000000000000000e+00 4.700000000000000000e+01 0.000000000000000000e+00 6.858509048782147621e-01 0.000000000000000000e+00 -7.277420808760023396e-01 -8.899442726820194771e-02 -9.924946060285928517e-01 -8.387162165686923299e-02 -7.222800898494562416e-01 1.222884172934963765e-01 -6.807033236314576907e-01
2.961936295945173936e-01 4.000000000000000000e+00 1.319728684191658237e-02 3.638065904823641755e-02 3.627555736254957086e-01 1.074458900077767537e-01 3.908952290507238317e-03 8.685596694341856105e-01 1.000000000000000000e+03 0.000000000000000000e+00 -6.576437176418463704e-01 -4.825218048220248912e-01 -5.785131359939090778e-01 3.860434586219974040e-01 -8.753060813591193590e-01 2.912210706506476177e-01 -6.468965826941567299e-01 -3.181150431901558218e-02 7.619139318135504935e-01
3.458945130003373558e-01 7.920000000000000000e+02 7.404584199958794688e-01 9.714185321318805633e-01 7.622444862883820393e-01 2.636561853719122106e-01 2.561205045814740067e-01 9.275261470151249243e-01 1.100000000000000000e+01 0.000000000000000000e+00 1.069649802455932691e-01 4.883579028150532020e-01 8.660629606207292941e-01 1.065979966154484426e-02 8.704470713635708012e-01 -4.921465885544252239e-01 9.942056435527991676e-01 -6.187450777716174688e-02 -8.790155638609814526e-02
4.039351362401994439e-01 8.260000000000000000e+02 4.924398276264410068e-01 7.310386051198002333e-01 6.736167203450789120e-01 2.720974617062657530e-01 1.989137488623867744e-01 7.211067182746914161e-01 1.000000000000000000e+03 0.000000000000000000e+00 -6.085293700966697833e-02 3.067007757801400447e-01 9.498587022253139889e-01 -9.980412634936259852e-01 -3.253053297037877822e-02 -5.343595033972708963e-02 -1.451056240619863491e-02 9.512499138294432388e-01 -3.080796082478237663e-01
4.717148961805858742e-01 1.367000000000000000e+03 4.985220824419444585e-01 6.825563231334031977e-01 7.303750116230481870e-01 3.445287727806603528e-01 2.351602923628313135e-01 6.208481814001031163e-01 1.000000000000000000e+03 0.000000000000000000e+00 -9.851278781304999288e-02 8.579419576332246722e-01 -5.042130779440089361e-01 -8.664562768149228766e-01 1.752500151444853493e-01 4.674836388151767386e-01 4.894371777923312572e-01 4.829317027534309470e-01 7.261048267780276788e-01
5.508680065562376882e-01 2.152000000000000000e+03 4.819856674793045470e-01 6.277887512065385422e-01 7.677513599168238612e-01 4.229296611682213380e-01 2.655104838330021311e-01 5.347965292815797245e-01 4.640000000000000000e+02 0.000000000000000000e+00 -9.987167427305854162e-01 3.051764519891755727e-03 5.055249274689453676e-02 3.059858031003087619e-03 9.999953152029267267e-01 8.271051969876985765e-05 -5.055200350569501871e-02 2.372878317414839344e-04 -9.987214019114870611e-01
6.433028999174784657e-01 3.630000000000000000e+03 4.034922836509060029e-01 4.192695457484193478e-01 9.623696444029817831e-01 6.190951830369907372e-01 2.595677561669536004e-01 8.820496749544100290e-02 6.000000000000000000e+01 0.000000000000000000e+00 -3.203882542216425211e-01 9.458459218699445392e-01 5.221933204095444148e-02 -9.468928418499307220e-01 -3.213568963828512537e-01 1.112165457761060683e-02 -2.730041410254624434e-02 4.588286422158760480e-02 -9.985737079257862581e-01
7.512482411700718288e-01 3.042000000000000000e+03 2.622437306246661604e-01 3.416047717665892658e-01 7.676816962142768430e-01 5.767195240594328309e-01 1.970101413896585552e-01 4.409926610285925253e-01 1.070000000000000000e+02 0.000000000000000000e+00 -1.435060593251725747e-01 -9.883620979419426300e-01 -5.046161203094583908e-02 -9.884149282987422236e-01 1.456866502063409730e-01 -4.255971649163009518e-02 -4.941599390028239558e-02 -4.376943343769586908e-02 9.978187692378763796e-01
8.773066621237417539e-01 5.084000000000000000e+03 3.131475151501332821e-01 4.484517429824313450e-01 6.982858692164816139e-01 6.126108451304871361e-01 2.747264012687072876e-01 5.681061057548622006e-01 7.300000000000000000e+01 0.000000000000000000e+00 6.164008634713948834e-04 9.999109229668289300e-01 -1.333289846957385824e-02 9.993278072465993089e-01 -1.272207300774905875e-04 3.665948006436015039e-02 3.665451832556121392e-02 -1.334653312700686580e-02 -9.992388685093323009e-01
1.024517512623979165e+00 1.586400000000000000e+04 5.399604815475412822e-01 6.232386343932151407e-01 8.663783850198031322e-01 8.876198280116688322e-01 5.531989694703329796e-01 3.520235321583826682e-01 4.400000000000000000e+01 0.000000000000000000e+00 -3.758901812535070386e-01 -9.237211774923923535e-01 -7.379537850891293438e-02 -9.238211297129248489e-01 3.797801326872296546e-01 -4.818268477373993663e-02 -7.253338495576305833e-02 -5.006233182881514310e-02 9.961087646430588638e-01
1.196430141237405431e+00 2.616200000000000000e+04 6.028880533214402426e-01 7.006773313200572728e-01 8.604360757406199767e-01 1.029451655624108897e+00 7.213134387857151886e-01 4.079169767416704340e-01 4.200000000000000000e+01 0.000000000000000000e+00 -3.132207253963520954e-01 -9.478282238523563219e-01 -5.928267243529936753e-02 -9.480745076081689149e-01 3.157099081439516675e-01 -3.849651832654493733e-02 -5.520421365902505872e-02 -4.414648308331836635e-02 9.974986630696117684e-01
1.397189472335286675e+00 4.244500000000000000e+04 6.639496004021046005e-01 7.572292900645409830e-01 8.768144723317743416e-01 1.225075949933174702e+00 9.276633918430409187e-01 4.134628062378503666e-01 3.800000000000000000e+01 0.000000000000000000e+00 -3.287094301945087116e-01 -9.444284174142152377e-01 2.252749804766740298e-03 -9.444267878536896088e-01 3.287142043273778014e-01 2.239253844926260978e-03 2.855325824574962701e-03 1.391493406527302863e-03 9.999949554175436850e-01
1.631635942893884916e+00 6.659000000000000000e+04 7.117252959762923048e-01 7.855551584780241514e-01 9.060156862253012644e-01 1.478287758470869573e+00 1.161276574381707061e+00 3.630289350167831830e-01 2.500000000000000000e+01 0.000000000000000000e+00 -4.421845863441192237e-01 -8.959928838023697439e-01 -4.086005109141731262e-02 -8.961766815126581687e-01 4.432167885994276468e-01 -2.064543088844927876e-02 -3.660801978583066996e-02 -2.748873367623901054e-02 9.989515615925714798e-01
1.905422208552364882e+00 9.846000000000000000e+04 7.427690667759144771e-01 8.000543332696182786e-01 9.283982798273293646e-01 1.768990700764806467e+00 1.415288675660542062e+00 3.080045663635024855e-01 1.900000000000000000e+01 0.000000000000000000e+00 -5.199756868581881797e-01 -8.541084788329309507e-01 -1.113514535388757110e-02 -8.541451977798493189e-01 5.200291289806242556e-01 -2.384558926799944245e-03 -7.827271937111378308e-03 -8.271118264787047369e-03 9.999351591061654831e-01
2.225149432786608816e+00 1.385640000000000000e+05 7.551214540665792674e-01 7.996089279306722863e-01 9.443634602989947613e-01 2.101349818028707350e+00 1.680258075201248147e+00 2.516979332952516413e-01 1.700000000000000000e+01 0.000000000000000000e+00 -4.657593293006801471e-01 -8.848915810323038089e-01 -5.927646036168921981e-03 -8.848859104795699926e-01 4.657863225638410043e-01 -4.475170074568733669e-03 -6.721056771320829681e-03 -3.160938247278338720e-03 9.999724175522410885e-01
2.598526445218820591e+00 1.900430000000000000e+05 7.580696295727585854e-01 7.863540729726968825e-01 9.640309062137708551e-01 2.505059803804748242e+00 1.969863979762048523e+00 1.660930085548006641e-01 1.500000000000000000e+01 0.000000000000000000e+00 -4.354990056783422103e-01 -9.001804483815611935e-01 -3.971952258819512645e-03 -9.001833188014284337e-01 4.355078805425230959e-01 -1.696625180888110263e-03 -3.257085325921858787e-03 -2.836606587179376499e-03 9.999906724856234552e-01
3.034555606472431499e+00 2.542390000000000000e+05 7.613017226092303469e-01 7.812047490146865059e-01 9.745226505208022250e-01 2.957243172772274331e+00 2.310212410560959828e+00 1.196556801672718495e-01 1.500000000000000000e+01 0.000000000000000000e+00 -4.638735080112782461e-01 -8.859008963099004319e-01 -9.851307657286945043e-04 -8.858987704542122810e-01 4.638745532506611813e-01 -1.940967339864697189e-03 -2.176481799940262543e-03 2.763719478269394125e-05 9.999976310787739298e-01
3.543749860893881554e+00 3.389830000000000000e+05 7.746328288448570687e-01 7.871206200647438145e-01 9.841348442645810879e-01 3.487527717463430932e+00 2.745104979462796191e+00 7.870754365868615210e-02 1.400000000000000000e+01 0.000000000000000000e+00 -5.406092625109037986e-01 -8.412177003411110965e-01 9.716270901410790570e-03 -8.412227465649275704e-01 5.406676441329697491e-01 4.773808695864772966e-03 9.269085671027244011e-03 5.592782895614045735e-03 9.999414006982138003e-01
4.138386210422372535e+00 4.429130000000000000e+05 7.785385137357057062e-01 7.871303361936408116e-01 9.890846254262248838e-01 4.093214174804666428e+00 3.221893049526573183e+00 5.512269212160356840e-02 1.300000000000000000e+01 0.000000000000000000e+00 -6.053312247883839703e-01 -7.959318338350136468e-01 8.162363887199637277e-03 -7.959137339026362001e-01 6.053796629209392544e-01 6.065633263972025624e-03 9.769159705834862262e-03 2.824820306135789050e-03 9.999482906175096719e-01
4.832801721026124042e+00 5.709340000000000000e+05 7.790149419324833291e-01 7.865529146276631911e-01 9.904164455372361786e-01 4.786486302524931347e+00 3.764824752076371350e+00 4.852081209373232396e-02 1.300000000000000000e+01 0.000000000000000000e+00 -6.065869413601027160e-01 -7.949706646436722757e-01 8.597960653145005072e-03 -7.949553963903364107e-01 6.066391488779363517e-01 5.904303391279397406e-03 9.909607523933161577e-03 3.253521884191090674e-03 9.999456056576632168e-01
5.643739198611263497e+00 7.304000000000000000e+05 7.785386455373920489e-01 7.833035566541797223e-01 9.939169035091062199e-01 5.609407788496671543e+00 4.393869071453099906e+00 3.079431177267630965e-02 1.300000000000000000e+01 0.000000000000000000e+00 -7.346304257171957230e-01 -6.784613114039307336e-01 2.895952111212829992e-03 -6.784609770766901748e-01 7.346353847618403154e-01 1.246611393223268083e-03 2.973246494130055151e-03 1.048991840433249889e-03 9.999950296983499687e-01
6.590750868872473411e+00 9.238940000000000000e+05 7.780164620804765896e-01 7.827355895731837876e-01 9.939709813178668751e-01 6.551015108754755900e+00 5.127712673453989289e+00 3.045852841377549511e-02 1.200000000000000000e+01 0.000000000000000000e+00 -7.402047691674145113e-01 -6.723806019712246229e-01 1.107156099350596092e-03 -6.723811014765881389e-01 7.402051350015413922e-01 -1.117787112166340746e-04 7.443647928521979207e-04 8.271699727218015386e-04 9.999993808552538610e-01
7.696669794067012127e+00 1.160539000000000000e+06 7.779806068134355046e-01 7.820686307657033209e-01 9.947728066419627702e-01 7.656437812840459323e+00 5.987859836830893734e+00 2.641460212887482631e-02 1.200000000000000000e+01 0.000000000000000000e+00 -6.820677136193535883e-01 -7.312813892632283874e-01 3.341220631712700159e-03 -7.312842021915635371e-01 6.820726874949392116e-01 5.143913675318412260e-04 2.655120169659491713e-03 2.092532120050033528e-03 9.999942858067794038e-01
8.988160392874613436e+00 1.442604000000000000e+06 7.738204856197935522e-01 7.781608249671978506e-01 9.944223106482040775e-01 8.938027226359043453e+00 6.955222640042827642e+00 2.772735947690185138e-02 1.100000000000000000e+01 0.000000000000000000e+00 4.392020523879563432e-01 -8.983857493009139716e-01 2.145374382635376748e-03 -8.983813362399856173e-01 -4.391879804692733757e-01 4.989239118248167681e-03 3.540038681228652173e-03 4.118648365195862193e-03 9.999852523221427480e-01
1.049636133673225302e+01 1.771429000000000000e+06 7.639654358844540916e-01 7.719397587531705573e-01 9.896697601356917451e-01 1.038793140642135704e+01 8.018857263817386283e+00 4.936574890183247771e-02 1.100000000000000000e+01 0.000000000000000000e+00 5.185226216269086530e-01 -8.550583591818563534e-01 3.081112524681868699e-03 -8.550590318910492593e-01 -5.185041247662249830e-01 5.246387514574596400e-03 2.888397946927870330e-03 5.354903700629728980e-03 9.999814909105353422e-01
1.225763632328902730e+01 2.164701000000000000e+06 7.562984321754301353e-01 7.692398763112853199e-01 9.831763218023578110e-01 1.205141779432228333e+01 9.270431133480094843e+00 7.795170958747686674e-02 1.100000000000000000e+01 0.000000000000000000e+00 3.382791339114385454e-01 -9.410325550300446817e-01 4.995791604263335843e-03 -9.410413751457644693e-01 -3.382564616517352851e-01 4.867896323523662749e-03 2.890990123739362039e-03 6.347954353509939474e-03 9.999756725299022708e-01
1.431445082861357854e+01 2.636395000000000000e+06 7.547697517744151874e-01 7.724393725920333242e-01 9.771249091584689461e-01 1.398700646556241267e+01 1.080411449869974305e+01 1.051000101091654898e-01 1.100000000000000000e+01 0.000000000000000000e+00 1.789171172695594447e-01 -9.838361662320407319e-01 7.420455632301189118e-03 -9.838536641190709364e-01 -1.788753008493363383e-01 5.966099692164050783e-03 4.542328414830043570e-03 8.368079821537345586e-03 9.999546702189413550e-01
1.671639597721522819e+01 3.182333000000000000e+06 7.548281992757525094e-01 7.811319049089568978e-01 9.663261665950384494e-01 1.615349084394711454e+01 1.261800707386180420e+01 1.539015507771591129e-01 1.100000000000000000e+01 0.000000000000000000e+00 1.381855824922798015e-01 -9.903723090099597615e-01 8.211841300835217086e-03 -9.903978633873631310e-01 -1.381453168575565160e-01 5.286173291847606759e-03 4.100852230386142772e-03 8.863463014312414345e-03 9.999523098800154886e-01
1.952138421604556839e+01 3.816539000000000000e+06 7.575537400433350887e-01 7.930801233696778141e-01 9.552045470823345985e-01 1.864691496850804242e+01 1.478849762368824905e+01 2.055426864524567410e-01 1.100000000000000000e+01 0.000000000000000000e+00 1.112225520937436263e-01 -9.937607792624172376e-01 8.310084566799142911e-03 -9.937873086029179737e-01 -1.111837429847870873e-01 4.996054008987838024e-03 4.040936218552115822e-03 8.814130453179788716e-03 9.999529898644395898e-01
2.279704562095193765e+01 4.559621000000000000e+06 7.621140811033456641e-01 8.017082169071033659e-01 9.506127853391508342e-01 2.167116303523681253e+01 1.737394947528283495e+01 2.298173659047516859e-01 1.000000000000000000e+01 0.000000000000000000e+00 4.118387697169714756e-02 -9.991292024968475571e-01 6.687674901906173232e-03 -9.991500844404246351e-01 -4.117129525613912044e-02 2.008285244683438719e-03 1.731196196943507459e-03 6.764699915390789964e-03 9.999756206002136105e-01
2.662235850143216709e+01 5.394779000000000000e+06 7.638443906938267025e-01 8.103666169810322950e-01 9.425911367616287562e-01 2.509399916314055901e+01 2.033533920835906983e+01 2.677329457459493578e-01 1.000000000000000000e+01 0.000000000000000000e+00 -2.375393528656960518e-02 -9.996965327439554239e-01 6.526329605132908177e-03 -9.997178342421827457e-01 2.375310544193502682e-02 -2.046459947772083510e-04 -4.956329615957155710e-05 6.529349246110720609e-03 9.999786823437295524e-01
3.108955361862286182e+01 6.376473000000000000e+06 7.729305628887702673e-01 8.187498800842332169e-01 9.440374669847292344e-01 2.934970344781065066e+01 2.403006617840277315e+01 2.702412146433424422e-01 1.000000000000000000e+01 0.000000000000000000e+00 -6.080880892757250383e-02 -9.981272558400917649e-01 6.653563401549857093e-03 -9.981425202413920506e-01 6.078222997943965450e-02 -4.126718416575247961e-03 -3.714571707905178766e-03 6.892145373900274152e-03 9.999693496748647270e-01
3.630633792844572127e+01 7.471403000000000000e+06 7.807565426608563675e-01 8.246527681359567818e-01 9.467700501699359839e-01 3.437375338200120467e+01 2.834641087768999768e+01 2.654235921359190398e-01 9.000000000000000000e+00 0.000000000000000000e+00 -6.736804298172713312e-02 -9.976671545000622698e-01 1.103610513546481736e-02 -9.977138400397668194e-01 6.730362186066518593e-02 -6.108672322118369191e-03 -5.351651886529418256e-03 1.142240413334496066e-02 9.999204410881398220e-01
4.239849146579302896e+01 8.634905000000000000e+06 7.838560893314958644e-01 8.329990201627707203e-01 9.410048155618812027e-01 3.989718464187056668e+01 3.323431571393132344e+01 2.969889945108925566e-01 9.000000000000000000e+00 0.000000000000000000e+00 -5.433803116056190596e-02 -9.983843474812656993e-01 1.661544684928617510e-02 -9.984959130075152789e-01 5.420740380717006812e-02 -8.213956402079447550e-03 -7.300005265933884324e-03 1.703678599073353908e-02 9.998282141679255552e-01
4.951289998230567591e+01 9.887528000000000000e+06 7.808417790202435427e-01 8.349800456051187370e-01 9.351622031330812934e-01 4.630259263096088063e+01 3.866174090663494667e+01 3.214863369297985551e-01 9.000000000000000000e+00 0.000000000000000000e+00 -4.397370921652249409e-02 -9.988584693959806637e-01 1.865666137494352908e-02 -9.989864312856859829e-01 4.378429818768521387e-02 -1.044247764187267169e-02 -9.613688409235598975e-03 1.909694604198408988e-02 9.997714156981281075e-01
5.782109645659658526e+01 1.118069000000000000e+07 7.739298835190850934e-01 8.426755009813587938e-01 9.184198218861064911e-01 5.310404110892682183e+01 4.474947444559958143e+01 3.902551961578342166e-01 8.000000000000000000e+00 0.000000000000000000e+00 -1.597917488580272161e-01 -9.865871253548441633e-01 3.335327691483785245e-02 -9.871495484474084314e-01 1.597529682331933487e-01 -3.841632564635266700e-03 1.538179758835855893e-03 3.353853343169654194e-02 9.994362414773043657e-01
6.752339686501558447e+01 1.256737800000000000e+07 7.640372988117921649e-01 8.456081458932688255e-01 9.035358783171273389e-01 6.100981169338781740e+01 5.159039374734314265e+01 4.411393089586382876e-01 9.000000000000000000e+00 0.000000000000000000e+00 -2.228482582785310528e-01 -9.730360918158107442e-01 5.949300636241542511e-02 -9.745456966508454499e-01 2.238953174116532496e-01 1.147048300870817661e-02 2.448139950131955622e-02 5.542247617120928116e-02 9.981628174869610071e-01
7.885372992905649880e+01 1.420470600000000000e+07 7.652180456899041472e-01 8.457530616411877977e-01 9.047771511521282006e-01 7.134505312293104851e+01 6.034029711167211474e+01 4.376453025579306044e-01 9.000000000000000000e+00 0.000000000000000000e+00 -2.631911590187442918e-01 -9.612982069411544206e-01 8.146269788124672895e-02 -9.641616894602197396e-01 2.650256123600132074e-01 1.239602236263209756e-02 3.350597546087696887e-02 7.528068892432686343e-02 9.965993013661477162e-01
9.208527728773267995e+01 1.621695200000000000e+07 7.905501059915368556e-01 8.258304273833251274e-01 9.572789761409308262e-01 8.815129995965445175e+01 7.279802572007713479e+01 2.229604130019179620e-01 1.200000000000000000e+01 0.000000000000000000e+00 -3.908275524686157243e-01 -9.164697581671470417e-01 8.565632840860305797e-02 -9.198959510917258386e-01 3.921601045413358744e-01 -1.375344021349977908e-03 3.233053350070136389e-02 7.933243202612375033e-02 9.963237936696986985e-01
1.075370600831142838e+02 1.812210500000000000e+07 7.907757441170589763e-01 8.185353858029172924e-01 9.660862044972822194e-01 1.038900702184920704e+02 8.503769870738557302e+01 1.779613607067626890e-01 8.000000000000000000e+00 0.000000000000000000e+00 9.973060799299594548e-01 -5.850155594688746796e-02 4.425099870658572021e-02 5.923124403424698259e-02 9.981260901513862027e-01 -1.536124634468694072e-02 -4.326941951185087065e-02 1.794090607800746806e-02 9.989023381813696423e-01
1.255816307658540580e+02 1.976433300000000000e+07 7.560973864482074536e-01 8.384932325942419107e-01 9.017334392895370865e-01 1.132411558220823196e+02 9.495194280796604858e+01 4.363051593652181315e-01 1.800000000000000000e+01 0.000000000000000000e+00 -9.917370444281069508e-01 1.304231467834811309e-02 -1.276226184374618378e-01 7.022052954251997714e-03 9.988461225044291680e-01 4.750909734119102001e-02 1.280949861677290469e-01 4.622035899577225937e-02 -9.906842851953344686e-01
1.466540555750943327e+02 2.187243500000000000e+07 7.430857268081804134e-01 8.615377872123345382e-01 8.625108937038876711e-01 1.264907205393742231e+02 1.089765354763862604e+02 5.718210401314371971e-01 1.100000000000000000e+01 0.000000000000000000e+00 -9.934808546186905120e-01 -3.744650517137452367e-02 1.076733521191138021e-01 2.358768969913077607e-02 -9.915944625598586137e-01 -1.272165190346069563e-01 1.115321137644847277e-01 -1.238474104334653658e-01 9.860133906434288553e-01
1.712624042661404644e+02 2.447132300000000000e+07 7.415400136688168331e-01 8.629521141992805289e-01 8.593060976006530183e-01 1.471668282756425867e+02 1.269979256004682355e+02 5.811649243901134687e-01 8.000000000000000000e+00 0.000000000000000000e+00 -9.722945499307906747e-01 2.258461183176063425e-01 6.030621042439241603e-02 2.235826318699659365e-01 9.737776054815869831e-01 -4.204737552625470443e-02 6.822107373078092896e-02 2.739901281828110990e-02 9.972939281854686921e-01
2.000000000000000284e+02 2.711616500000000000e+07 7.236023840709105981e-01 8.362373889053257292e-01 8.653073800229624801e-01 1.730614760045925209e+02 1.447204768141821489e+02 5.273789975359368665e-01 8.000000000000000000e+00 0.000000000000000000e+00 -9.400282844481883116e-01 3.395727141863817966e-01 3.220553085248173408e-02 3.384507294123519916e-01 9.403070899762083767e-01 -3.568865787224137498e-02 4.240198341638227314e-02 2.264836242576692693e-02 9.988438934497161359e-01
